4.87
4.87
4.87
4.87
4.87
4.87
4.88
4.90
4.90
4.91
4.91
4.91
4.91
4.91
4.93
4.93
4.93
4.93
4.93
4.93
4.94
4.94
4.94
4.94
4.94
4.94
4.94
4.94
4.94
4.94
4.94
4.97
4.97
4.97
4.97
4.97
4.97
4.97
4.97
5.0
5.0
5.0
5.0
5.0
5.0
5.0
5.0
5.0
5.0
5.0
5.0
5.0
5.0
5.0
5.0
5.0
5.03
5.03
5.03
5.03
5.03
5.03
5.03
5.03
5.03
5.03
5.03
5.03
5.03
5.03
5.03
5.03
5.03
5.03
5.03
5.04
5.04
5.04
5.06
5.06
5.06
5.06
5.06
5.06
5.06
5.06
5.06
5.06
5.06
5.07
5.07
5.07
5.07
5.07
5.09
5.09
5.09
5.09
5.09
5.09
5.10
5.10
5.10
5.10
5.10
5.12
5.12
5.12
5.12
5.13
5.13
5.13
5.13
5.13